1.6 -9  3 2  2 -9 2 -9 -9 -9  0  1 1  3 3 1 -9 2 2  0 -9  0  0  3 3  3  2  2  1 -9 1  2 1  2  0  3  2  0 2 3  1 
1.6 -9  3 2  2 -9 0 -9 -9 -9  0  1 1  3 3 1 -9 2 2  0 -9  0  0  3 3  3  1  2  1 -9 1  2 1  2  0  3  2  0 0 3  1 
1.Lpry -9  1 2 -9 -9 0 -9 -9 -9 -9 -9 1  3 3 1  1 2 2 -9 -9  0  0 -9 3 -9 -9 -9  1  0 1 -9 1 -9  0 -9 -9  0 2 3 
1.Lpry -9  1 2 -9 -9 0 -9 -9 -9 -9 -9 1  3 3 1  1 2 2 -9 -9  0  0 -9 3 -9 -9 -9  1  0 1 -9 0 -9  0 -9 -9  0 2 3 
10.Lpry  3  1 2  2  2 0  2  3  3  0  1 1  3 3 1  1 2 2  0  1  0  0  1 3  3  2  2  1  0 1  2 1  2  0  3  2  0 2 3
10.Lpry  3  1 2  2  2 0  2  3  3  0  1 1  3 3 1  1 2 2  0  1  0  0  3 3  3  2  3  1  0 1  2 0  2  0  3  2  0 2 3
11.Lpry -9 -9 2  2 -9 0 -9 -9  3 -9  1 1  3 3 1  1 2 2  3 -9  0 -9 -9 3  3  2  3  1 -9 1  2 1  2  0 -9  2  0 2 3
11.Lpry -9 -9 2  2 -9 0 -9 -9  3 -9  1 1  3 3 1  1 2 2  3 -9  0 -9 -9 3  3  2  3  1 -9 1  2 1  2  0 -9  2  0 2 3
15.Lpry -9  1 2  2 -9 0 -9 -9 -9 -9 -9 1  3 3 1  1 2 2  0 -9  0  0 -9 3  3  2 -9  1  0 1  2 1  2  2 -9  2  0 2 3
15.Lpry -9  1 2  2 -9 0 -9 -9 -9 -9 -9 1  3 3 1  1 2 2  0 -9  0  0 -9 3  3  2 -9  1  0 1  2 0  2  0 -9  2  0 2 3
16.Lpry -9  1 2  2 -9 0 -9 -9 -9 -9  1 1  3 3 1  1 2 2  0 -9  2  0 -9 3  2  2  3  1 -9 1  2 1  2  0 -9  2  2 2 3
16.Lpry -9  1 2  2 -9 0 -9 -9 -9 -9  1 1  3 3 1  1 2 2  0 -9  0  0 -9 3  3  2  3  1 -9 1  2 1  2  0 -9  2  0 2 3
17.Lpry  3 -9 2 -9  2 2  2  3 -9  0  1 1  2 3 1 -9 2 2  0 -9 -9  0 -9 3  3 -9 -9  1  0 1  2 1  2  0 -9  2  0 2 3
17.Lpry  3 -9 2 -9  2 0  2  3 -9  0  1 1  3 3 1 -9 2 2  0 -9 -9  0 -9 3  3 -9 -9  1  0 1  2 0  0  0 -9  2  0 2 3
18.Lpry -9  1 2 -9 -9 0 -9 -9 -9 -9 -9 1  3 3 1 -9 2 2  3 -9  0  0 -9 3  3  2  2  1  0 1 -9 0 -9  0 -9  2  2 2 3
18.Lpry -9  1 2 -9 -9 0 -9 -9 -9 -9 -9 1  3 3 1 -9 2 2  3 -9  0  0 -9 3  3  2  2  1  0 1 -9 0 -9  0 -9  2  0 2 3
2.5 -9  1 2 -9 -9 0 -9 -9 -9 -9  1 1  3 3 1  1 2 2  0 -9  0  0 -9 3  3  2  2  1  1 1 -9 1  2  0 -9  2  0 2 3  1 
2.5 -9  1 2 -9 -9 0 -9 -9 -9 -9  1 1  3 3 1  1 2 2  0 -9  0  0 -9 3  3  1  3  1  1 1 -9 1  2  0 -9  2  0 2 3  1 
2.Lpry -9  1 2  2 -9 2 -9 -9  3  0  1 1  3 3 1  1 2 2  0 -9  0  0 -9 3  3  2  3  1  1 1  2 1  2  0 -9  2  0 2 3 
2.Lpry -9  1 2  2 -9 0 -9 -9  0  0  1 1  3 3 1  1 2 2  0 -9  0  0 -9 3  3  2  3  1  1 1  2 0  2  0 -9  2  0 2 3 
3.Lpry -9  1 2  2 -9 0 -9 -9 -9  0  1 1  3 3 1  1 2 2  3 -9  0  0  3 3  3  2  3  1 -9 1  2 1  2  0 -9  2  2 2 3 
3.Lpry -9  1 2  2 -9 0 -9 -9 -9  0  1 1  3 3 1  3 2 2  0 -9  0  0  3 3  3  1  3  1 -9 1  2 1  2  0 -9  2  2 2 3 
